x Q2 F2 STAT+SYST
2.4300e-06 1.0000e-01 1.5400e-01 2.9800e-04
3.3100e-06 1.5000e-01 2.0700e-01 6.8340e-04
4.1400e-06 1.5000e-01 1.9000e-01 3.1790e-04
5.0200e-06 1.5000e-01 1.8700e-01 5.9200e-04
4.4100e-06 2.0000e-01 2.4700e-01 4.0800e-04
5.5200e-06 2.0000e-01 2.4000e-01 7.0500e-04
6.6900e-06 2.0000e-01 2.2900e-01 2.2700e-04
8.4900e-06 2.0000e-01 2.2500e-01 6.0480e-04
1.1000e-05 2.0000e-01 2.0900e-01 5.4080e-04
3.9800e-05 2.0000e-01 2.1100e-01 -9.7060e-03
2.5100e-04 2.0000e-01 1.8100e-01 4.6879e-03
5.5200e-06 2.5000e-01 2.9100e-01 7.8960e-04
6.9000e-06 2.5000e-01 2.8100e-01 5.7960e-04
8.3600e-06 2.5000e-01 2.6900e-01 7.1820e-04
1.0600e-05 2.5000e-01 2.6200e-01 5.4810e-04
1.3800e-05 2.5000e-01 2.5100e-01 1.0250e-03
2.3000e-05 2.5000e-01 2.4500e-01 4.8020e-03
3.9800e-05 2.5000e-01 2.3700e-01 -2.2752e-03
1.1000e-04 2.5000e-01 2.0000e-01 -8.0000e-05
2.5100e-04 2.5000e-01 1.9600e-01 -1.1368e-03
3.9400e-04 2.5000e-01 1.9500e-01 1.5405e-03
1.5800e-03 2.5000e-01 1.9900e-01 5.3133e-03
6.6200e-06 3.5000e-01 3.5100e-01 1.1088e-03
8.2800e-06 3.5000e-01 3.4400e-01 7.0350e-04
1.0000e-05 3.5000e-01 3.5300e-01 1.0092e-03
1.2700e-05 3.5000e-01 3.2900e-01 6.5200e-04
1.6500e-05 3.5000e-01 3.1700e-01 8.2160e-04
3.2000e-05 3.5000e-01 2.9900e-01 6.1295e-03
6.6200e-05 3.5000e-01 2.8400e-01 -5.0940e-04
1.3000e-04 3.5000e-01 2.5900e-01 1.5540e-04
2.2000e-04 3.5000e-01 2.4200e-01 3.8720e-04
5.0000e-04 3.5000e-01 2.4200e-01 2.7104e-03
2.5100e-03 3.5000e-01 2.0200e-01 1.5554e-03
8.8300e-06 4.0000e-01 3.6500e-01 5.6640e-04
1.1000e-05 4.0000e-01 3.7800e-01 8.1840e-04
1.3300e-05 4.0000e-01 3.6000e-01 1.0353e-03
1.7000e-05 4.0000e-01 3.5700e-01 3.1950e-04
2.2000e-05 4.0000e-01 3.3700e-01 1.4112e-03
3.6800e-05 4.0000e-01 3.3300e-01 7.1048e-03
8.8300e-05 4.0000e-01 3.2100e-01 1.3161e-03
1.7600e-04 4.0000e-01 2.8800e-01 -6.3360e-04
2.9400e-04 4.0000e-01 2.7700e-01 9.1410e-04
6.3100e-04 4.0000e-01 2.6100e-01 9.9180e-04
1.5800e-05 5.0000e-01 4.3300e-01 6.0060e-04
2.1200e-05 5.0000e-01 3.9400e-01 -1.9600e-04
2.7600e-05 5.0000e-01 3.8000e-01 1.4781e-03
3.9800e-05 5.0000e-01 3.6800e-01 7.5235e-03
1.0000e-04 5.0000e-01 3.4900e-01 -3.4900e-04
2.5100e-04 5.0000e-01 3.0800e-01 -1.1088e-03
3.6800e-04 5.0000e-01 3.0100e-01 4.8160e-04
8.0000e-04 5.0000e-01 2.8800e-01 1.4112e-03
3.2000e-03 5.0000e-01 1.8300e-01 1.0065e-03
1.5800e-05 6.5000e-01 4.7200e-01 2.5520e-03
1.6400e-05 6.5000e-01 5.2000e-01 1.9342e-03
3.9800e-05 6.5000e-01 4.7600e-01 6.6500e-04
5.9800e-05 6.5000e-01 4.2000e-01 8.8620e-03
1.0000e-04 6.5000e-01 4.1100e-01 6.5600e-04
2.5100e-04 6.5000e-01 3.6200e-01 1.8462e-03
4.7800e-04 6.5000e-01 3.3300e-01 1.0323e-03
8.0000e-04 6.5000e-01 3.1900e-01 1.0846e-03
3.2000e-03 6.5000e-01 2.2500e-01 1.6650e-03
2.0000e-05 8.5000e-01 6.1700e-01 2.9498e-03
2.0000e-05 8.5000e-01 6.2500e-01 3.3102e-03
3.9800e-05 8.5000e-01 5.6400e-01 2.3562e-03
5.0000e-05 8.5000e-01 5.4600e-01 1.3056e-03
1.0000e-04 8.5000e-01 5.0300e-01 4.0160e-04
2.5100e-04 8.5000e-01 3.9900e-01 3.3034e-03
8.0000e-04 8.5000e-01 3.5100e-01 9.1260e-04
3.2000e-03 8.5000e-01 3.0900e-01 -2.1630e-04
2.0000e-05 1.2000e+00 6.9900e-01 4.0140e-03
3.2000e-05 1.2000e+00 6.8000e-01 3.3350e-03
3.2000e-05 1.2000e+00 6.9800e-01 3.4400e-03
6.3100e-05 1.2000e+00 6.5300e-01 2.8644e-03
8.0000e-05 1.2000e+00 6.0000e-01 1.2558e-03
1.3000e-04 1.2000e+00 5.4500e-01 4.9050e-04
1.5800e-04 1.2000e+00 5.3400e-01 1.9758e-03
3.9800e-04 1.2000e+00 4.9500e-01 3.3165e-03
1.3000e-03 1.2000e+00 3.7400e-01 -3.3660e-04
5.0000e-03 1.2000e+00 2.9900e-01 -1.7342e-03
3.2000e-05 1.5000e+00 8.4700e-01 3.5303e-03
3.2000e-05 1.5000e+00 7.7400e-01 3.0955e-03
5.0000e-05 1.5000e+00 7.7000e-01 3.9676e-03
8.0000e-05 1.5000e+00 7.0500e-01 3.6504e-03
1.3000e-04 1.5000e+00 6.4900e-01 3.5046e-03
2.0000e-04 1.5000e+00 6.1600e-01 -6.1600e-05
3.2000e-04 1.5000e+00 5.8000e-01 5.9160e-03
5.0000e-04 1.5000e+00 5.5000e-01 1.5950e-03
8.0000e-04 1.5000e+00 4.9300e-01 5.4230e-04
1.0000e-03 1.5000e+00 4.6500e-01 2.6040e-03
3.2000e-03 1.5000e+00 4.1200e-01 -2.5132e-03
1.3000e-02 1.5000e+00 3.2400e-01 -4.6008e-03
5.0000e-05 2.0000e+00 8.6300e-01 3.3501e-03
5.0000e-05 2.0000e+00 8.3000e-01 2.7225e-03
8.0000e-05 2.0000e+00 7.6500e-01 3.2088e-03
1.3000e-04 2.0000e+00 7.2700e-01 2.2537e-03
2.0000e-04 2.0000e+00 6.8400e-01 -3.4200e-04
3.2000e-04 2.0000e+00 6.3100e-01 2.3978e-03
5.0000e-04 2.0000e+00 5.7800e-01 2.3120e-03
1.0000e-03 2.0000e+00 5.1200e-01 -5.6320e-04
3.2000e-03 2.0000e+00 4.2800e-01 -3.5952e-03
1.3000e-02 2.0000e+00 3.5800e-01 -4.3318e-03
5.0000e-05 2.7000e+00 9.1300e-01 4.8276e-03
5.0000e-05 2.7000e+00 9.0100e-01 8.8200e-04
8.0000e-05 2.7000e+00 8.9900e-01 6.6900e-03
8.0000e-05 2.7000e+00 8.9200e-01 2.6580e-03
1.3000e-04 2.7000e+00 8.0600e-01 1.9296e-03
2.0000e-04 2.7000e+00 7.8000e-01 7.8000e-04
3.2000e-04 2.7000e+00 7.0200e-01 6.3180e-04
5.0000e-04 2.7000e+00 6.4700e-01 1.9410e-03
8.0000e-04 2.7000e+00 5.9600e-01 1.1920e-03
1.3000e-03 2.7000e+00 5.7000e-01 -9.1200e-04
2.0000e-03 2.7000e+00 4.8400e-01 1.5972e-03
5.0000e-03 2.7000e+00 4.6000e-01 -4.1400e-03
2.0000e-02 2.7000e+00 3.5800e-01 -6.4440e-03
8.0000e-05 3.5000e+00 9.9700e-01 4.2097e-03
8.0000e-05 3.5000e+00 9.7200e-01 1.3356e-03
1.3000e-04 3.5000e+00 9.2800e-01 2.3972e-03
2.0000e-04 3.5000e+00 8.6000e-01 1.8018e-03
3.2000e-04 3.5000e+00 7.9600e-01 3.1800e-04
5.0000e-04 3.5000e+00 7.5400e-01 2.4882e-03
8.0000e-04 3.5000e+00 6.6300e-01 1.5912e-03
1.3000e-03 3.5000e+00 6.2700e-01 1.0659e-03
2.0000e-03 3.5000e+00 5.7100e-01 8.5650e-04
8.0000e-03 3.5000e+00 4.6300e-01 0.0000e+00
1.3000e-04 4.5000e+00 1.0290e+00 3.5525e-03
1.3000e-04 4.5000e+00 1.0450e+00 2.1651e-03
2.0000e-04 4.5000e+00 9.7200e-01 2.4175e-03
3.2000e-04 4.5000e+00 8.9900e-01 1.2572e-03
5.0000e-04 4.5000e+00 8.0100e-01 2.0000e-03
8.0000e-04 4.5000e+00 7.2400e-01 1.1584e-03
1.3000e-03 4.5000e+00 6.6900e-01 6.0210e-04
2.0000e-03 4.5000e+00 6.1800e-01 1.4832e-03
3.2000e-03 4.5000e+00 5.7500e-01 1.6675e-03
1.3000e-02 4.5000e+00 4.3200e-01 3.1968e-03
1.3000e-04 6.5000e+00 1.2270e+00 4.6020e-03
1.3000e-04 6.5000e+00 1.1670e+00 1.1220e-04
2.0000e-04 6.5000e+00 1.1340e+00 4.5838e-03
2.0000e-04 6.5000e+00 1.1470e+00 2.7144e-03
3.2000e-04 6.5000e+00 1.0100e+00 1.0060e-03
5.0000e-04 6.5000e+00 9.3900e-01 1.2194e-03
8.0000e-04 6.5000e+00 8.5700e-01 2.5710e-03
1.3000e-03 6.5000e+00 7.6100e-01 8.3710e-04
2.0000e-03 6.5000e+00 6.9900e-01 2.0970e-03
3.2000e-03 6.5000e+00 6.4400e-01 7.0840e-04
5.0000e-03 6.5000e+00 5.8100e-01 1.6268e-03
1.3000e-02 6.5000e+00 4.8500e-01 3.9285e-03
2.0000e-02 6.5000e+00 4.9700e-01 1.9383e-03
2.0000e-04 8.5000e+00 1.2580e+00 3.2967e-03
2.0000e-04 8.5000e+00 1.2130e+00 -1.1780e-04
3.2000e-04 8.5000e+00 1.1260e+00 1.7840e-03
5.0000e-04 8.5000e+00 1.0260e+00 1.5330e-03
8.0000e-04 8.5000e+00 9.3700e-01 8.4240e-04
1.3000e-03 8.5000e+00 8.4500e-01 2.1100e-03
2.0000e-03 8.5000e+00 7.7300e-01 1.0822e-03
3.2000e-03 8.5000e+00 6.6400e-01 1.7928e-03
5.0000e-03 8.5000e+00 6.3500e-01 2.3495e-03
2.0000e-02 8.5000e+00 4.5800e-01 2.0152e-03
2.0000e-04 1.0000e+01 1.3060e+00 2.8704e-03
3.2000e-04 1.0000e+01 1.1690e+00 -3.4590e-04
5.0000e-04 1.0000e+01 1.0740e+00 -2.3518e-03
8.0000e-04 1.0000e+01 9.8500e-01 -8.8470e-04
1.3000e-03 1.0000e+01 8.9900e-01 -2.6940e-04
2.0000e-03 1.0000e+01 8.0900e-01 3.1551e-03
5.0000e-03 1.0000e+01 6.3300e-01 2.9751e-03
2.0000e-02 1.0000e+01 5.1600e-01 2.6316e-03
2.0000e-04 1.2000e+01 1.4140e+00 1.5768e-03
3.2000e-04 1.2000e+01 1.2620e+00 3.3291e-03
3.2000e-04 1.2000e+01 1.2620e+00 1.6029e-03
5.0000e-04 1.2000e+01 1.1630e+00 1.0377e-03
8.0000e-04 1.2000e+01 1.0590e+00 1.3728e-03
1.3000e-03 1.2000e+01 9.4200e-01 1.6938e-03
2.0000e-03 1.2000e+01 8.5700e-01 1.2840e-03
3.2000e-03 1.2000e+01 7.5800e-01 2.0439e-03
5.0000e-03 1.2000e+01 6.8200e-01 8.8660e-04
2.0000e-02 1.2000e+01 4.9200e-01 2.2632e-03
3.2000e-04 1.5000e+01 1.3550e+00 1.4300e-03
3.2000e-04 1.5000e+01 1.3800e+00 1.5888e-03
5.0000e-04 1.5000e+01 1.2350e+00 1.3387e-03
8.0000e-04 1.5000e+01 1.1210e+00 5.5750e-04
1.3000e-03 1.5000e+01 9.9000e-01 1.0868e-03
2.0000e-03 1.5000e+01 8.7600e-01 2.1000e-03
3.2000e-03 1.5000e+01 7.8900e-01 1.7358e-03
5.0000e-03 1.5000e+01 7.1800e-01 2.0822e-03
8.0000e-03 1.5000e+01 6.3600e-01 1.3992e-03
2.0000e-02 1.5000e+01 5.3200e-01 1.3300e-03
5.0000e-04 1.8000e+01 1.3050e+00 2.4244e-03
5.0000e-04 1.8000e+01 1.3060e+00 1.7878e-03
8.0000e-04 1.8000e+01 1.1770e+00 1.1680e-03
1.3000e-03 1.8000e+01 1.0540e+00 7.3640e-04
2.0000e-03 1.8000e+01 9.5100e-01 6.6500e-04
3.2000e-03 1.8000e+01 8.3700e-01 1.7556e-03
5.0000e-03 1.8000e+01 7.5000e-01 1.8000e-03
8.0000e-03 1.8000e+01 6.6800e-01 1.6032e-03
2.0000e-02 1.8000e+01 5.3900e-01 1.7248e-03
5.0000e-04 2.2000e+01 1.3920e+00 6.1732e-03
8.0000e-04 2.2000e+01 1.2840e+00 5.0760e-04
1.3000e-03 2.2000e+01 1.0750e+00 -2.5704e-03
2.0000e-03 2.2000e+01 1.0210e+00 3.0570e-03
3.2000e-03 2.2000e+01 9.0600e-01 -1.8120e-03
5.0000e-03 2.2000e+01 7.7400e-01 3.0186e-03
8.0000e-03 2.2000e+01 6.6000e-01 3.7620e-03
1.3000e-02 2.2000e+01 5.9100e-01 8.2740e-04
3.2000e-02 2.2000e+01 5.2300e-01 4.6547e-03
5.0000e-04 2.7000e+01 1.5080e+00 3.9704e-03
5.0000e-04 2.7000e+01 1.5100e+00 2.1300e-03
8.0000e-04 2.7000e+01 1.3220e+00 3.8880e-03
8.0000e-04 2.7000e+01 1.3240e+00 1.6874e-03
1.3000e-03 2.7000e+01 1.1720e+00 1.0476e-03
2.0000e-03 2.7000e+01 1.0560e+00 8.4320e-04
3.2000e-03 2.7000e+01 9.2100e-01 1.9320e-03
5.0000e-03 2.7000e+01 8.0600e-01 1.6926e-03
8.0000e-03 2.7000e+01 7.1200e-01 1.6376e-03
1.3000e-02 2.7000e+01 6.3900e-01 1.6614e-03
2.0000e-02 2.7000e+01 5.8100e-01 1.5687e-03
3.2000e-02 2.7000e+01 5.2900e-01 1.5870e-03
8.0000e-04 3.5000e+01 1.4600e+00 2.9547e-03
8.0000e-04 3.5000e+01 1.4470e+00 1.9530e-03
1.3000e-03 3.5000e+01 1.2480e+00 4.9360e-04
2.0000e-03 3.5000e+01 1.1130e+00 5.5400e-04
3.2000e-03 3.5000e+01 9.7800e-01 7.8080e-04
5.0000e-03 3.5000e+01 8.5800e-01 1.9711e-03
8.0000e-03 3.5000e+01 7.5100e-01 2.0277e-03
1.3000e-02 3.5000e+01 6.6600e-01 1.8648e-03
2.0000e-02 3.5000e+01 5.9500e-01 1.1900e-03
3.2000e-02 3.5000e+01 5.1900e-01 2.1279e-03
8.0000e-02 3.5000e+01 4.5000e-01 3.1500e-04
8.0000e-04 4.5000e+01 1.5710e+00 2.4956e-03
1.3000e-03 4.5000e+01 1.3440e+00 -1.3170e-03
1.3000e-03 4.5000e+01 1.3430e+00 1.8424e-03
2.0000e-03 4.5000e+01 1.1720e+00 9.3040e-04
3.2000e-03 4.5000e+01 1.0190e+00 1.0170e-03
5.0000e-03 4.5000e+01 9.0400e-01 1.6254e-03
8.0000e-03 4.5000e+01 7.8600e-01 5.4950e-04
1.3000e-02 4.5000e+01 6.8300e-01 1.9124e-03
2.0000e-02 4.5000e+01 6.0400e-01 1.5100e-03
3.2000e-02 4.5000e+01 5.3600e-01 1.3400e-03
5.0000e-02 4.5000e+01 4.8800e-01 1.0736e-03
1.3000e-03 6.0000e+01 1.4650e+00 2.9547e-03
1.3000e-03 6.0000e+01 1.4510e+00 2.2304e-03
2.0000e-03 6.0000e+01 1.2730e+00 1.2550e-04
3.2000e-03 6.0000e+01 1.0930e+00 4.3520e-04
5.0000e-03 6.0000e+01 9.4800e-01 8.5230e-04
8.0000e-03 6.0000e+01 8.2400e-01 2.1424e-03
1.3000e-02 6.0000e+01 7.1100e-01 2.2041e-03
2.0000e-02 6.0000e+01 6.3500e-01 1.5875e-03
3.2000e-02 6.0000e+01 5.5500e-01 1.4430e-03
5.0000e-02 6.0000e+01 5.1100e-01 1.7885e-03
1.3000e-01 6.0000e+01 3.9600e-01 7.9200e-04
1.3000e-03 7.0000e+01 1.5410e+00 6.6838e-03
2.0000e-03 7.0000e+01 1.3000e+00 -7.6440e-04
3.2000e-03 7.0000e+01 1.1100e+00 -1.2133e-03
5.0000e-03 7.0000e+01 1.0010e+00 1.4985e-03
8.0000e-03 7.0000e+01 8.2500e-01 1.8952e-03
1.3000e-02 7.0000e+01 7.2000e-01 4.8240e-03
2.0000e-02 7.0000e+01 6.4000e-01 3.4560e-03
3.2000e-02 7.0000e+01 5.6400e-01 -1.2972e-03
5.0000e-02 7.0000e+01 5.1300e-01 1.4877e-03
2.0000e-03 9.0000e+01 1.3080e+00 8.8270e-04
2.0000e-03 9.0000e+01 1.3710e+00 -6.6050e-04
3.2000e-03 9.0000e+01 1.1890e+00 1.0584e-03
5.0000e-03 9.0000e+01 1.0390e+00 8.2800e-04
8.0000e-03 9.0000e+01 8.9200e-01 8.9100e-05
1.3000e-02 9.0000e+01 7.5900e-01 1.7457e-03
2.0000e-02 9.0000e+01 6.5400e-01 2.7468e-03
3.2000e-02 9.0000e+01 5.6100e-01 1.4025e-03
5.0000e-02 9.0000e+01 4.9000e-01 2.9460e-04
8.0000e-02 9.0000e+01 4.3800e-01 1.6243e-03
1.8000e-01 9.0000e+01 3.4400e-01 4.4032e-03
2.0000e-03 1.2000e+02 1.4120e+00 -1.9695e-03
3.2000e-03 1.2000e+02 1.2130e+00 -3.5580e-04
3.2000e-03 1.2000e+02 1.2390e+00 -9.6960e-04
5.0000e-03 1.2000e+02 1.0530e+00 0.0000e+00
8.0000e-03 1.2000e+02 9.1200e-01 1.0010e-03
1.3000e-02 1.2000e+02 7.8000e-01 1.1700e-03
2.0000e-02 1.2000e+02 6.7100e-01 3.4221e-03
3.2000e-02 1.2000e+02 5.7700e-01 1.9618e-03
5.0000e-02 1.2000e+02 4.8800e-01 1.9560e-04
8.0000e-02 1.2000e+02 4.4200e-01 1.1075e-03
1.8000e-01 1.2000e+02 3.3300e-01 -8.6580e-04
3.2000e-03 1.5000e+02 1.2500e+00 3.8528e-03
3.2000e-03 1.5000e+02 1.2470e+00 -2.4020e-03
5.0000e-03 1.5000e+02 1.0710e+00 5.2900e-04
8.0000e-03 1.5000e+02 9.1900e-01 3.0195e-03
1.3000e-02 1.5000e+02 8.0700e-01 2.4210e-03
2.0000e-02 1.5000e+02 6.9300e-01 3.7422e-03
3.2000e-02 1.5000e+02 5.8800e-01 3.1164e-03
5.0000e-02 1.5000e+02 5.1200e-01 5.1200e-04
8.0000e-02 1.5000e+02 4.4600e-01 1.5610e-03
1.8000e-01 1.5000e+02 3.2500e-01 -9.7500e-04
5.0000e-03 2.0000e+02 1.1000e+00 -4.2960e-04
5.0000e-03 2.0000e+02 1.1290e+00 0.0000e+00
8.0000e-03 2.0000e+02 9.4000e-01 5.6040e-04
1.3000e-02 2.0000e+02 8.0700e-01 1.7732e-03
2.0000e-02 2.0000e+02 6.9800e-01 1.7450e-03
3.2000e-02 2.0000e+02 5.8600e-01 2.3440e-03
5.0000e-02 2.0000e+02 5.2100e-01 6.2520e-04
8.0000e-02 2.0000e+02 4.3100e-01 1.4654e-03
1.3000e-01 2.0000e+02 3.5500e-01 8.1650e-04
1.8000e-01 2.0000e+02 3.3100e-01 -7.9440e-04
2.5000e-01 2.0000e+02 2.7300e-01 8.1900e-04
4.0000e-01 2.0000e+02 1.3900e-01 -1.2927e-03
5.0000e-03 2.5000e+02 1.1230e+00 1.9422e-03
5.0000e-03 2.5000e+02 1.1480e+00 -1.3224e-03
8.0000e-03 2.5000e+02 9.6400e-01 2.8590e-04
1.3000e-02 2.5000e+02 8.2800e-01 1.7325e-03
2.0000e-02 2.5000e+02 7.0100e-01 7.0100e-04
3.2000e-02 2.5000e+02 5.9100e-01 1.8352e-03
5.0000e-02 2.5000e+02 5.2100e-01 1.3546e-03
8.0000e-02 2.5000e+02 4.3200e-01 7.3440e-04
1.3000e-01 2.5000e+02 3.4100e-01 1.1970e-03
1.8000e-01 2.5000e+02 3.2500e-01 1.4950e-03
2.5000e-01 2.5000e+02 2.6300e-01 0.0000e+00
4.0000e-01 2.5000e+02 1.3900e-01 -9.8000e-04
5.0000e-03 3.0000e+02 1.1970e+00 1.7984e-03
8.0000e-03 3.0000e+02 1.0000e+00 6.8740e-04
8.0000e-03 3.0000e+02 9.8900e-01 -1.9420e-04
1.3000e-02 3.0000e+02 8.2200e-01 3.2720e-04
2.0000e-02 3.0000e+02 7.0000e-01 6.9900e-04
3.2000e-02 3.0000e+02 6.1300e-01 1.9616e-03
5.0000e-02 3.0000e+02 5.0300e-01 6.0360e-04
8.0000e-02 3.0000e+02 4.3300e-01 6.0760e-04
1.3000e-01 3.0000e+02 3.5200e-01 7.7660e-04
1.8000e-01 3.0000e+02 3.1800e-01 1.1448e-03
2.5000e-01 3.0000e+02 2.6200e-01 1.0520e-04
4.0000e-01 3.0000e+02 1.5500e-01 -9.3000e-04
8.0000e-03 4.0000e+02 9.9600e-01 1.9220e-04
8.0000e-03 4.0000e+02 1.0600e+00 -3.0690e-04
1.3000e-02 4.0000e+02 8.6700e-01 1.2885e-03
1.3000e-02 4.0000e+02 8.5400e-01 1.6920e-04
2.0000e-02 4.0000e+02 7.1300e-01 8.5320e-04
3.2000e-02 4.0000e+02 6.0700e-01 9.1050e-04
5.0000e-02 4.0000e+02 5.0900e-01 1.6288e-03
8.0000e-02 4.0000e+02 4.4400e-01 7.5480e-04
1.3000e-01 4.0000e+02 3.6200e-01 8.7120e-04
2.5000e-01 4.0000e+02 2.5600e-01 1.7990e-04
4.0000e-01 4.0000e+02 1.6000e-01 -7.6800e-04
1.3000e-02 5.0000e+02 8.9800e-01 -3.5320e-04
1.3000e-02 5.0000e+02 9.0000e-01 -1.9448e-03
2.0000e-02 5.0000e+02 7.4100e-01 4.4220e-04
3.2000e-02 5.0000e+02 6.2300e-01 1.8690e-04
5.0000e-02 5.0000e+02 5.1600e-01 -2.5850e-04
8.0000e-02 5.0000e+02 4.3700e-01 1.2264e-03
1.3000e-01 5.0000e+02 3.4600e-01 1.6309e-03
1.8000e-01 5.0000e+02 2.9000e-01 9.6030e-04
2.5000e-01 5.0000e+02 2.5300e-01 -6.3500e-04
4.0000e-01 5.0000e+02 1.6500e-01 -3.4860e-04
1.3000e-02 6.5000e+02 8.7400e-01 -7.6140e-04
1.3000e-02 6.5000e+02 8.8000e-01 3.4040e-04
2.0000e-02 6.5000e+02 7.0900e-01 3.5100e-04
2.0000e-02 6.5000e+02 7.5300e-01 3.7250e-04
3.2000e-02 6.5000e+02 6.1700e-01 5.5350e-04
5.0000e-02 6.5000e+02 5.1200e-01 1.4336e-03
8.0000e-02 6.5000e+02 4.4600e-01 6.6900e-04
1.3000e-01 6.5000e+02 3.6300e-01 1.0192e-03
1.8000e-01 6.5000e+02 3.0200e-01 9.0900e-04
2.5000e-01 6.5000e+02 2.5100e-01 2.0160e-04
4.0000e-01 6.5000e+02 1.4400e-01 -1.3680e-03
6.5000e-01 6.5000e+02 2.2000e-02 -3.0140e-04
2.0000e-02 8.0000e+02 7.5100e-01 -1.1055e-03
2.0000e-02 8.0000e+02 7.6600e-01 6.7680e-04
3.2000e-02 8.0000e+02 6.4500e-01 5.7780e-04
5.0000e-02 8.0000e+02 5.1600e-01 1.3416e-03
8.0000e-02 8.0000e+02 4.4700e-01 1.4336e-03
1.3000e-01 8.0000e+02 3.6100e-01 6.1540e-04
1.8000e-01 8.0000e+02 3.2400e-01 8.7750e-04
2.5000e-01 8.0000e+02 2.5500e-01 6.9120e-04
4.0000e-01 8.0000e+02 1.2900e-01 -6.5000e-04
6.5000e-01 8.0000e+02 2.0000e-02 -1.4400e-04
2.0000e-02 1.0000e+03 7.6200e-01 -5.1660e-04
2.0000e-02 1.0000e+03 7.5600e-01 -2.1228e-03
3.2000e-02 1.0000e+03 6.4400e-01 -5.7330e-04
5.0000e-02 1.0000e+03 5.5700e-01 -1.6680e-04
8.0000e-02 1.0000e+03 4.4400e-01 1.1544e-03
1.3000e-01 1.0000e+03 3.9300e-01 1.5760e-04
1.8000e-01 1.0000e+03 3.2600e-01 7.8480e-04
2.5000e-01 1.0000e+03 2.5500e-01 8.4480e-04
4.0000e-01 1.0000e+03 1.2400e-01 -2.1250e-04
6.5000e-01 1.0000e+03 1.9000e-02 -1.3300e-05
2.0000e-02 1.2000e+03 8.2600e-01 0.0000e+00
3.2000e-02 1.2000e+03 6.0100e-01 5.3190e-04
3.2000e-02 1.2000e+03 6.6000e-01 -6.4900e-05
5.0000e-02 1.2000e+03 5.1900e-01 1.1352e-03
8.0000e-02 1.2000e+03 4.5300e-01 9.5130e-04
1.3000e-01 1.2000e+03 3.6600e-01 7.7280e-04
1.8000e-01 1.2000e+03 3.2600e-01 1.3776e-03
2.5000e-01 1.2000e+03 2.4700e-01 3.4720e-04
4.0000e-01 1.2000e+03 1.3600e-01 -2.6030e-04
6.5000e-01 1.2000e+03 2.1000e-02 -1.0710e-04
3.2000e-02 1.5000e+03 5.7500e-01 -2.7850e-04
3.2000e-02 1.5000e+03 6.3900e-01 0.0000e+00
5.0000e-02 1.5000e+03 5.6000e-01 3.8710e-04
8.0000e-02 1.5000e+03 4.4800e-01 9.3660e-04
1.3000e-01 1.5000e+03 3.4000e-01 5.7970e-04
1.8000e-01 1.5000e+03 3.1600e-01 3.4980e-04
2.5000e-01 1.5000e+03 2.5300e-01 4.0800e-04
4.0000e-01 1.5000e+03 1.2300e-01 2.8520e-04
6.5000e-01 1.5000e+03 1.3000e-02 -1.8590e-04
5.0000e-02 2.0000e+03 5.1000e-01 1.9840e-04
5.0000e-02 2.0000e+03 5.1600e-01 3.0180e-04
8.0000e-02 2.0000e+03 4.3700e-01 9.5260e-04
1.3000e-01 2.0000e+03 3.7000e-01 6.2900e-04
1.8000e-01 2.0000e+03 3.1400e-01 2.5280e-04
2.5000e-01 2.0000e+03 2.3600e-01 1.9120e-04
4.0000e-01 2.0000e+03 1.2600e-01 -1.2800e-05
6.5000e-01 2.0000e+03 2.1000e-02 3.9900e-05
5.0000e-02 3.0000e+03 5.8200e-01 -3.7800e-04
8.0000e-02 3.0000e+03 4.6100e-01 0.0000e+00
8.0000e-02 3.0000e+03 4.3200e-01 -1.6680e-04
1.3000e-01 3.0000e+03 3.4700e-01 7.5460e-04
1.8000e-01 3.0000e+03 3.0300e-01 2.7270e-04
2.5000e-01 3.0000e+03 2.1500e-01 2.3980e-04
4.0000e-01 3.0000e+03 1.1800e-01 2.6620e-04
6.5000e-01 3.0000e+03 1.6000e-02 -5.7600e-05
1.3000e-01 5.0000e+03 3.5300e-01 7.3040e-04
1.3000e-01 5.0000e+03 3.7200e-01 1.0500e-04
1.8000e-01 5.0000e+03 2.7100e-01 3.6960e-04
2.5000e-01 5.0000e+03 2.3500e-01 5.4050e-04
4.0000e-01 5.0000e+03 1.1700e-01 6.0000e-05
6.5000e-01 5.0000e+03 1.0000e-02 1.0600e-04
1.8000e-01 8.0000e+03 3.1100e-01 6.6480e-04
1.8000e-01 8.0000e+03 3.3600e-01 -8.9700e-05
2.5000e-01 8.0000e+03 2.4300e-01 2.5410e-04
2.5000e-01 8.0000e+03 2.1900e-01 8.3200e-05
4.0000e-01 8.0000e+03 1.0000e-01 -1.0100e-04
6.5000e-01 8.0000e+03 1.6000e-02 1.8700e-05
2.5000e-01 1.2000e+04 1.7900e-01 4.5000e-05
2.5000e-01 1.2000e+04 1.8300e-01 -2.0020e-04
4.0000e-01 1.2000e+04 7.6000e-02 -3.6500e-05
6.5000e-01 1.2000e+04 1.6000e-02 1.1730e-04
4.0000e-01 2.0000e+04 1.4600e-01 -5.9160e-04
4.0000e-01 2.0000e+04 5.9000e-02 -1.4100e-05
6.5000e-01 2.0000e+04 1.4000e-02 -3.2200e-05
2.0000e-03 9.0000e+01 1.2920e+00 -3.2682e-03
2.0000e-03 1.2000e+02 1.3900e+00 3.4242e-03
3.2000e-03 1.2000e+02 1.2110e+00 -1.7880e-03
3.2000e-03 1.5000e+02 1.2380e+00 -5.8996e-03
5.0000e-03 1.5000e+02 1.1470e+00 -1.7055e-03
8.0000e-03 1.5000e+02 9.5100e-01 2.8470e-03
5.0000e-03 2.0000e+02 1.1470e+00 -2.7096e-03
8.0000e-03 2.0000e+02 9.4300e-01 -1.0340e-03
1.3000e-02 2.0000e+02 8.2600e-01 4.1300e-04
2.0000e-02 2.0000e+02 7.0600e-01 2.8280e-04
3.2000e-02 2.0000e+02 5.8000e-01 5.8100e-04
5.0000e-02 2.0000e+02 4.9900e-01 1.5000e-04
8.0000e-02 2.0000e+02 4.1800e-01 2.0950e-04
1.8000e-01 2.0000e+02 3.1900e-01 0.0000e+00
5.0000e-03 2.5000e+02 1.1480e+00 -3.0159e-03
8.0000e-03 2.5000e+02 1.0010e+00 -1.2922e-03
1.3000e-02 2.5000e+02 8.4400e-01 -6.7520e-04
2.0000e-02 2.5000e+02 6.9600e-01 3.4850e-04
3.2000e-02 2.5000e+02 5.9600e-01 8.9700e-04
5.0000e-02 2.5000e+02 5.0900e-01 7.1540e-04
8.0000e-02 2.5000e+02 4.2700e-01 1.2840e-04
1.3000e-01 2.5000e+02 3.1600e-01 1.3314e-03
1.8000e-01 2.5000e+02 2.9900e-01 0.0000e+00
2.5000e-01 2.5000e+02 2.3100e-01 1.0164e-03
4.0000e-01 2.5000e+02 1.4000e-01 -7.0000e-05
5.0000e-03 3.0000e+02 1.2030e+00 0.0000e+00
8.0000e-03 3.0000e+02 1.0110e+00 -2.1021e-03
1.3000e-02 3.0000e+02 8.5700e-01 -1.0272e-03
2.0000e-02 3.0000e+02 7.2300e-01 -7.2500e-05
3.2000e-02 3.0000e+02 5.9000e-01 1.7760e-04
5.0000e-02 3.0000e+02 5.1900e-01 0.0000e+00
8.0000e-02 3.0000e+02 4.2500e-01 2.1300e-04
1.3000e-01 3.0000e+02 3.3500e-01 8.7360e-04
1.8000e-01 3.0000e+02 3.0900e-01 -6.2000e-05
2.5000e-01 3.0000e+02 2.8600e-01 1.4637e-03
4.0000e-01 3.0000e+02 1.4500e-01 1.0220e-04
8.0000e-03 4.0000e+02 1.0640e+00 -2.3989e-03
1.3000e-02 4.0000e+02 8.7000e-01 -1.9096e-03
2.0000e-02 4.0000e+02 7.1600e-01 1.1504e-03
3.2000e-02 4.0000e+02 5.8900e-01 -7.0920e-04
5.0000e-02 4.0000e+02 5.0800e-01 7.6650e-04
8.0000e-02 4.0000e+02 4.3300e-01 2.1750e-04
1.3000e-01 4.0000e+02 3.7500e-01 3.7600e-04
2.5000e-01 4.0000e+02 2.6700e-01 2.9480e-04
4.0000e-01 4.0000e+02 1.4700e-01 2.7930e-04
1.3000e-02 5.0000e+02 1.0030e+00 -3.9000e-03
2.0000e-02 5.0000e+02 7.6000e-01 -2.5179e-03
3.2000e-02 5.0000e+02 6.0000e-01 -2.4160e-04
5.0000e-02 5.0000e+02 5.1500e-01 8.8060e-04
8.0000e-02 5.0000e+02 3.9400e-01 1.0692e-03
1.3000e-01 5.0000e+02 3.6100e-01 1.8513e-03
1.8000e-01 5.0000e+02 2.8700e-01 1.1271e-03
2.5000e-01 5.0000e+02 2.5800e-01 1.1914e-03
4.0000e-01 5.0000e+02 1.4300e-01 2.7360e-04
6.5000e-01 5.0000e+02 2.7000e-02 2.5920e-04
1.3000e-02 6.5000e+02 9.5900e-01 -1.6150e-03
2.0000e-02 6.5000e+02 7.9000e-01 -1.8262e-03
3.2000e-02 6.5000e+02 6.3800e-01 -8.3850e-04
5.0000e-02 6.5000e+02 5.2000e-01 -2.1000e-04
8.0000e-02 6.5000e+02 4.1500e-01 7.9610e-04
1.3000e-01 6.5000e+02 3.4100e-01 -4.8160e-04
1.8000e-01 6.5000e+02 3.3300e-01 2.1504e-03
2.5000e-01 6.5000e+02 2.5700e-01 3.1080e-04
4.0000e-01 6.5000e+02 8.7000e-02 -5.6320e-04
2.0000e-02 8.0000e+02 8.0300e-01 -1.0504e-03
3.2000e-02 8.0000e+02 6.5300e-01 -1.1254e-03
5.0000e-02 8.0000e+02 5.8100e-01 8.2600e-04
8.0000e-02 8.0000e+02 4.9400e-01 6.0120e-04
1.3000e-01 8.0000e+02 3.6300e-01 3.3120e-04
1.8000e-01 8.0000e+02 3.0000e-01 1.3332e-03
2.5000e-01 8.0000e+02 2.3900e-01 0.0000e+00
4.0000e-01 8.0000e+02 1.1900e-01 7.2000e-04
6.5000e-01 8.0000e+02 1.5000e-02 6.0000e-06
2.0000e-02 1.0000e+03 7.7000e-01 -4.5784e-03
3.2000e-02 1.0000e+03 5.5600e-01 -2.0412e-03
5.0000e-02 1.0000e+03 5.6300e-01 -6.9000e-04
8.0000e-02 1.0000e+03 4.4400e-01 1.4043e-03
1.3000e-01 1.0000e+03 4.8600e-01 0.0000e+00
1.8000e-01 1.0000e+03 2.4600e-01 1.2500e-04
2.5000e-01 1.0000e+03 3.1100e-01 2.9610e-03
4.0000e-01 1.0000e+03 1.2300e-01 3.5960e-04
2.0000e-02 1.2000e+03 7.3500e-01 -1.1856e-03
3.2000e-02 1.2000e+03 6.0900e-01 -1.0000e-03
5.0000e-02 1.2000e+03 5.3600e-01 -1.6560e-04
8.0000e-02 1.2000e+03 4.1300e-01 -1.2720e-04
1.3000e-01 1.2000e+03 3.5500e-01 -7.2600e-05
1.8000e-01 1.2000e+03 3.3400e-01 1.3640e-03
2.5000e-01 1.2000e+03 2.6100e-01 7.9800e-05
4.0000e-01 1.2000e+03 1.0300e-01 3.3280e-04
3.2000e-02 1.5000e+03 7.0700e-01 -1.4640e-03
5.0000e-02 1.5000e+03 5.5500e-01 -4.0460e-04
8.0000e-02 1.5000e+03 4.5200e-01 -4.2210e-04
1.3000e-01 1.5000e+03 3.8600e-01 -2.3940e-04
1.8000e-01 1.5000e+03 3.0200e-01 -1.2400e-04
2.5000e-01 1.5000e+03 2.4200e-01 4.2160e-04
4.0000e-01 1.5000e+03 1.4200e-01 6.9600e-04
6.5000e-01 1.5000e+03 1.4000e-02 6.4400e-05
5.0000e-02 2.0000e+03 5.2400e-01 -7.8120e-04
8.0000e-02 2.0000e+03 4.5200e-01 1.4370e-04
1.3000e-01 2.0000e+03 3.1000e-01 3.5860e-04
1.8000e-01 2.0000e+03 2.5800e-01 -3.2400e-04
2.5000e-01 2.0000e+03 2.4800e-01 -5.1600e-05
4.0000e-01 2.0000e+03 1.0100e-01 1.8720e-04
5.0000e-02 3.0000e+03 5.5800e-01 -2.7544e-03
8.0000e-02 3.0000e+03 4.4600e-01 -4.4820e-04
1.3000e-01 3.0000e+03 3.8700e-01 8.0750e-04
1.8000e-01 3.0000e+03 2.9400e-01 -2.8800e-04
2.5000e-01 3.0000e+03 2.4900e-01 1.6020e-04
4.0000e-01 3.0000e+03 1.3700e-01 5.6550e-04
6.5000e-01 3.0000e+03 1.9000e-02 1.2000e-05
1.3000e-01 5.0000e+03 3.9400e-01 -9.5800e-04
1.8000e-01 5.0000e+03 3.5900e-01 -4.2500e-05
2.5000e-01 5.0000e+03 2.6200e-01 6.0400e-04
4.0000e-01 5.0000e+03 1.1200e-01 -3.9060e-04
6.5000e-01 5.0000e+03 9.0000e-03 6.3000e-05
1.8000e-01 8.0000e+03 2.8500e-01 -6.9480e-04
2.5000e-01 8.0000e+03 2.3300e-01 1.5050e-04
4.0000e-01 8.0000e+03 1.3100e-01 -4.8300e-04
6.5000e-01 8.0000e+03 1.7000e-02 -4.0000e-06
2.5000e-01 1.2000e+04 1.8900e-01 -1.4100e-03
4.0000e-01 1.2000e+04 6.8000e-02 -1.0230e-04
4.0000e-01 2.0000e+04 1.1800e-01 -4.8500e-04
6.5000e-01 2.0000e+04 9.0000e-03 -5.2000e-05
